-6.773671150207519531e+00 -4.948300838470458984e+00 6.560999155044555664e-01
0.000000000000000000e+00 0.000000000000000000e+00 0.000000000000000000e+00
1.085625961422920227e-01 0.000000000000000000e+00 -3.051975727081298828e+00
-1.954223823547363281e+01 -2.337792396545410156e+01 -2.271957969665527344e+01
0.000000000000000000e+00 -5.097304821014404297e+00 7.289999127388000488e-01
-5.039995670318603516e+00 7.289999127388000488e-01 -2.163150787353515625e+01
7.289999127388000488e-01 -3.346245193481445312e+01 -4.529355525970458984e+00
-4.953161621093750000e+01 -5.281695556640625000e+01 -4.724578094482421875e+01
0.000000000000000000e+00 0.000000000000000000e+00 8.099999427795410156e-01
-3.277968597412109375e+01 8.099999427795410156e-01 -3.765234375000000000e+01
8.099999427795410156e-01 0.000000000000000000e+00 0.000000000000000000e+00
-7.435250091552734375e+01 -7.656916046142578125e+01 -7.636794281005859375e+01
-3.405585861206054688e+01 -3.417187500000000000e+01 8.999999761581420898e-01
-4.002539062500000000e+01 8.999999761581420898e-01 0.000000000000000000e+00
8.999999761581420898e-01 -3.937500000000000000e+01 -3.937500000000000000e+01
-8.934082031250000000e+01 -8.942871093750000000e+01 -8.934057617187500000e+01
-2.237500000000000000e+01 0.000000000000000000e+00 1.000000000000000000e+00
0.000000000000000000e+00 1.000000000000000000e+00 -5.000000000000000000e+01
1.000000000000000000e+00 0.000000000000000000e+00 0.000000000000000000e+00
-9.995117187500000000e+01 -9.995117187500000000e+01 -9.995117187500000000e+01
0.000000000000000000e+00 0.000000000000000000e+00 0.000000000000000000e+00
