-5.904899215698242188e+01 0.000000000000000000e+00 0.000000000000000000e+00
-8.655406832695007324e-01 2.446442991495132446e-01 -9.201578140258789062e+00
2.057941257953643799e-01 0.000000000000000000e+00 0.000000000000000000e+00
-6.560999298095703125e+01 -6.560999298095703125e+01 -6.560999298095703125e+01
0.000000000000000000e+00 -9.698663711547851562e+00 3.552451431751251221e-01
0.000000000000000000e+00 4.928705990314483643e-01 0.000000000000000000e+00
5.125443935394287109e-01 0.000000000000000000e+00 -1.475263881683349609e+01
-7.289999389648437500e+01 -7.289999389648437500e+01 -7.289999389648437500e+01
0.000000000000000000e+00 0.000000000000000000e+00 7.650377154350280762e-01
0.000000000000000000e+00 7.431591749191284180e-01 0.000000000000000000e+00
7.388086318969726562e-01 0.000000000000000000e+00 0.000000000000000000e+00
-8.100000000000000000e+01 -8.100000000000000000e+01 -8.100000000000000000e+01
0.000000000000000000e+00 -1.009160137176513672e+01 8.894531130790710449e-01
0.000000000000000000e+00 8.925293087959289551e-01 2.249999940395355225e-01
8.953857421875000000e-01 0.000000000000000000e+00 -2.237500000000000000e+01
-9.000000000000000000e+01 -9.000000000000000000e+01 -9.000000000000000000e+01
0.000000000000000000e+00 0.000000000000000000e+00 9.990234375000000000e-01
0.000000000000000000e+00 9.997558593750000000e-01 -5.000000000000000000e+01
9.995117187500000000e-01 -5.000000000000000000e+01 0.000000000000000000e+00
-1.000000000000000000e+02 -1.000000000000000000e+02 -1.000000000000000000e+02
0.000000000000000000e+00 0.000000000000000000e+00 0.000000000000000000e+00
