-8.100000000000000000e+01 -8.100000000000000000e+01 -8.100000000000000000e+01
0.000000000000000000e+00 0.000000000000000000e+00 0.000000000000000000e+00
0.000000000000000000e+00 4.499999880790710449e-01 0.000000000000000000e+00
0.000000000000000000e+00 0.000000000000000000e+00 0.000000000000000000e+00
-9.000000000000000000e+01 -9.000000000000000000e+01 -9.000000000000000000e+01
0.000000000000000000e+00 0.000000000000000000e+00 5.000000000000000000e-01
-3.375000000000000000e+01 9.375000000000000000e-01 -5.000000000000000000e+01
0.000000000000000000e+00 -5.000000000000000000e+01 0.000000000000000000e+00
-1.000000000000000000e+02 -1.000000000000000000e+02 -1.000000000000000000e+02
0.000000000000000000e+00 0.000000000000000000e+00 0.000000000000000000e+00
