8.099999427795410156e-01 0.000000000000000000e+00 0.000000000000000000e+00
2.453906238079071045e-01 0.000000000000000000e+00 8.999999761581420898e-01
0.000000000000000000e+00 8.999999761581420898e-01 0.000000000000000000e+00
8.999999761581420898e-01 0.000000000000000000e+00 0.000000000000000000e+00
0.000000000000000000e+00 -2.241953086853027344e+01 0.000000000000000000e+00
-2.250000000000000000e+01 0.000000000000000000e+00 1.000000000000000000e+00
5.000000000000000000e-01 1.000000000000000000e+00 0.000000000000000000e+00
1.000000000000000000e+00 0.000000000000000000e+00 0.000000000000000000e+00
-5.000000000000000000e+01 -7.500000000000000000e+01 -7.500000000000000000e+01
0.000000000000000000e+00 0.000000000000000000e+00 0.000000000000000000e+00
